Test for print
Random matrix:
         -21            7           18          -26          -12           14           -3          -18 
           0           12          -12          -30           21           19          -28            9 
          -4           -8            0          -22           12          -20           15           26 
          21            8           12           13           -4           22           12            8 
          -3           -2           14           17          -20          -21          -32           12 
          24          -12           14           13          -25           18          -10            3 
         -21           22           13           23          -29           -4           17           24 
         -28           -3            5            1          -13          -15          -23           17 

Matrix with zeroes:
           0            0            0            0            0            0            0            0 
           0            0            0            0            0            0            0            0 
           0            0            0            0            0            0            0            0 
           0            0            0            0            0            0            0            0 
           0            0            0            0            0            0            0            0 
           0            0            0            0            0            0            0            0 
           0            0            0            0            0            0            0            0 
           0            0            0            0            0            0            0            0 

Matrix with twos:
           2            2            2            2            2            2            2            2 
           2            2            2            2            2            2            2            2 
           2            2            2            2            2            2            2            2 
           2            2            2            2            2            2            2            2 
           2            2            2            2            2            2            2            2 
           2            2            2            2            2            2            2            2 
           2            2            2            2            2            2            2            2 
           2            2            2            2            2            2            2            2 

Identity Matrix:
           1            0            0            0            0            0            0            0 
           0            1            0            0            0            0            0            0 
           0            0            1            0            0            0            0            0 
           0            0            0            1            0            0            0            0 
           0            0            0            0            1            0            0            0 
           0            0            0            0            0            1            0            0 
           0            0            0            0            0            0            1            0 
           0            0            0            0            0            0            0            1 

Matrix with max values
          31           31           31           31           31           31           31           31 
          31           31           31           31           31           31           31           31 
          31           31           31           31           31           31           31           31 
          31           31           31           31           31           31           31           31 
          31           31           31           31           31           31           31           31 
          31           31           31           31           31           31           31           31 
          31           31           31           31           31           31           31           31 
          31           31           31           31           31           31           31           31 

Matrix with min values
         -32          -32          -32          -32          -32          -32          -32          -32 
         -32          -32          -32          -32          -32          -32          -32          -32 
         -32          -32          -32          -32          -32          -32          -32          -32 
         -32          -32          -32          -32          -32          -32          -32          -32 
         -32          -32          -32          -32          -32          -32          -32          -32 
         -32          -32          -32          -32          -32          -32          -32          -32 
         -32          -32          -32          -32          -32          -32          -32          -32 
         -32          -32          -32          -32          -32          -32          -32          -32 

Test 1:
::::::::::::::::::::::::::::::
Test for Matrix Multiplication
::::::::::::::::::::::::::::::
=============================
Test starting: ..............
=============================
Matrix 1:

         762         -571         -875         -507          930         -307          432          221 
         147         -913         -263         -517           28         -314        -2421         -654 
       -1937          168          -27          373         -545        -1754         -555          710 
        -152          235          886         -379         -914          804          -23          552 
         256         -469         -756        -1286         1791            4          509         -331 
         346         -379          519         -821         -123          958         1011         -507 
        -166          605         -487         -231          653          479          623         1554 
         275         -615        -1062         -207         1410         -687           39          151 


Matrix 2:

         762         -571         -875         -507          930         -307          432          221 
         147         -913         -263         -517           28         -314        -2421         -654 
       -1937          168          -27          373         -545        -1754         -555          710 
        -152          235          886         -379         -914          804          -23          552 
         256         -469         -756        -1286         1791            4          509         -331 
         346         -379          519         -821         -123          958         1011         -507 
        -166          605         -487         -231          653          479          623         1554 
         275         -615        -1062         -207         1410         -687           39          151 


Evaluation matrix; 0 for index match, 1 for mismatch
0 0 0 0 0 0 0 0 
0 0 0 0 0 0 0 0 
0 0 0 0 0 0 0 0 
0 0 0 0 0 0 0 0 
0 0 0 0 0 0 0 0 
0 0 0 0 0 0 0 0 
0 0 0 0 0 0 0 0 
0 0 0 0 0 0 0 0 
>> 64 match(es) found
>> 0 mismatch(es) found

TEST PASSES

i+j results: 
>> -4324 data matrice result
>> -4324 hls matrice result

i-j results: 
>> 4324 data matrice result
>> 4324 hls matrice result

Test 2:
::::::::::::::::::::::::::::::
Test for Matrix Multiplication
with both matrices transposed
::::::::::::::::::::::::::::::
=============================
Test starting: ..............
=============================
Matrix 1:

         762          147        -1937         -152          256          346         -166          275 
        -571         -913          168          235         -469         -379          605         -615 
        -875         -263          -27          886         -756          519         -487        -1062 
        -507         -517          373         -379        -1286         -821         -231         -207 
         930           28         -545         -914         1791         -123          653         1410 
        -307         -314        -1754          804            4          958          479         -687 
         432        -2421         -555          -23          509         1011          623           39 
         221         -654          710          552         -331         -507         1554          151 


Matrix 2:

         762          147        -1937         -152          256          346         -166          275 
        -571         -913          168          235         -469         -379          605         -615 
        -875         -263          -27          886         -756          519         -487        -1062 
        -507         -517          373         -379        -1286         -821         -231         -207 
         930           28         -545         -914         1791         -123          653         1410 
        -307         -314        -1754          804            4          958          479         -687 
         432        -2421         -555          -23          509         1011          623           39 
         221         -654          710          552         -331         -507         1554          151 


Evaluation matrix; 0 for index match, 1 for mismatch
0 0 0 0 0 0 0 0 
0 0 0 0 0 0 0 0 
0 0 0 0 0 0 0 0 
0 0 0 0 0 0 0 0 
0 0 0 0 0 0 0 0 
0 0 0 0 0 0 0 0 
0 0 0 0 0 0 0 0 
0 0 0 0 0 0 0 0 
>> 64 match(es) found
>> 0 mismatch(es) found

TEST PASSES

i+j results: 
>> -4324 data matrice result
>> -4324 hls matrice result

i-j results: 
>> 4324 data matrice result
>> 4324 hls matrice result

Test 3:
::::::::::::::::::::::::::::::
Test for Matrix Multiplication
with matrix B transposed
::::::::::::::::::::::::::::::
=============================
Test starting: ..............
=============================
Matrix 1:

        2163          584         -337         -331         -315         -146           40          340 
         584         2855          250         -368         -517         -578        -1527          113 
        -337          250         2009         -534         -334        -1018           13          355 
        -331         -368         -534         1526         -360         1145          614         -957 
        -315         -517         -334         -360         2507          847         1000         1692 
        -146         -578        -1018         1145          847         2143          268         -217 
          40        -1527           13          614         1000          268         3345         1064 
         340          113          355         -957         1692         -217         1064         2031 


Matrix 2 (hls):

        2163          584         -337         -331         -315         -146           40          340 
         584         2855          250         -368         -517         -578        -1527          113 
        -337          250         2009         -534         -334        -1018           13          355 
        -331         -368         -534         1526         -360         1145          614         -957 
        -315         -517         -334         -360         2507          847         1000         1692 
        -146         -578        -1018         1145          847         2143          268         -217 
          40        -1527           13          614         1000          268         3345         1064 
         340          113          355         -957         1692         -217         1064         2031 


Evaluation matrix; 0 for index match, 1 for mismatch
0 0 0 0 0 0 0 0 
0 0 0 0 0 0 0 0 
0 0 0 0 0 0 0 0 
0 0 0 0 0 0 0 0 
0 0 0 0 0 0 0 0 
0 0 0 0 0 0 0 0 
0 0 0 0 0 0 0 0 
0 0 0 0 0 0 0 0 
>> 64 match(es) found
>> 0 mismatch(es) found

TEST PASSES

i+j results: 
>> 20151 data matrice result
>> 20151 hls matrice result

i-j results: 
>> -20151 data matrice result
>> -20151 hls matrice result

Test 4:
::::::::::::::::::::::::::::::
Test for Matrix Multiplication
with matrix A transposed
::::::::::::::::::::::::::::::
=============================
Test starting: ..............
=============================
Matrix 1:

        2708         -607         -245          657          553         1247          398         -502 
        -607          962          153           51         -219          445          246          255 
        -245          153         1198          772        -1588          119          -56          271 
         657           51          772         3217        -1979         -438          438          542 
         553         -219        -1588        -1979         2780          184          276         -547 
        1247          445          119         -438          184         2447          159         -974 
         398          246          -56          438          276          159         3104         -109 
        -502          255          271          542         -547         -974         -109         2163 


Matrix 2 (hls):

        2708         -607         -245          657          553         1247          398         -502 
        -607          962          153           51         -219          445          246          255 
        -245          153         1198          772        -1588          119          -56          271 
         657           51          772         3217        -1979         -438          438          542 
         553         -219        -1588        -1979         2780          184          276         -547 
        1247          445          119         -438          184         2447          159         -974 
         398          246          -56          438          276          159         3104         -109 
        -502          255          271          542         -547         -974         -109         2163 


Evaluation matrix; 0 for index match, 1 for mismatch
0 0 0 0 0 0 0 0 
0 0 0 0 0 0 0 0 
0 0 0 0 0 0 0 0 
0 0 0 0 0 0 0 0 
0 0 0 0 0 0 0 0 
0 0 0 0 0 0 0 0 
0 0 0 0 0 0 0 0 
0 0 0 0 0 0 0 0 
>> 64 match(es) found
>> 0 mismatch(es) found

TEST PASSES

Test 5:
::::::::::::::::::::::::::::::
Test for Matrix Multiplication
::::::::::::::::::::::::::::::
=============================
Test starting: ..............
=============================
Matrix 1:

          32           32           32           32           32           32           32           32 
          32           32           32           32           32           32           32           32 
          32           32           32           32           32           32           32           32 
          32           32           32           32           32           32           32           32 
          32           32           32           32           32           32           32           32 
          32           32           32           32           32           32           32           32 
          32           32           32           32           32           32           32           32 
          32           32           32           32           32           32           32           32 


Matrix 2:

          32           32           32           32           32           32           32           32 
          32           32           32           32           32           32           32           32 
          32           32           32           32           32           32           32           32 
          32           32           32           32           32           32           32           32 
          32           32           32           32           32           32           32           32 
          32           32           32           32           32           32           32           32 
          32           32           32           32           32           32           32           32 
          32           32           32           32           32           32           32           32 


Evaluation matrix; 0 for index match, 1 for mismatch
0 0 0 0 0 0 0 0 
0 0 0 0 0 0 0 0 
0 0 0 0 0 0 0 0 
0 0 0 0 0 0 0 0 
0 0 0 0 0 0 0 0 
0 0 0 0 0 0 0 0 
0 0 0 0 0 0 0 0 
0 0 0 0 0 0 0 0 
>> 64 match(es) found
>> 0 mismatch(es) found

TEST PASSES

i+j results: 
>> 2048 data matrice result
>> 2048 hls matrice result

i-j results: 
>> -2048 data matrice result
>> -2048 hls matrice result

Test 6:
::::::::::::::::::::::::::::::
Test for Matrix Multiplication
with both matrices transposed
::::::::::::::::::::::::::::::
=============================
Test starting: ..............
=============================
Matrix 1:

           1            0            0            0            0            0            0            0 
           0            1            0            0            0            0            0            0 
           0            0            1            0            0            0            0            0 
           0            0            0            1            0            0            0            0 
           0            0            0            0            1            0            0            0 
           0            0            0            0            0            1            0            0 
           0            0            0            0            0            0            1            0 
           0            0            0            0            0            0            0            1 


Matrix 2:

           1            0            0            0            0            0            0            0 
           0            1            0            0            0            0            0            0 
           0            0            1            0            0            0            0            0 
           0            0            0            1            0            0            0            0 
           0            0            0            0            1            0            0            0 
           0            0            0            0            0            1            0            0 
           0            0            0            0            0            0            1            0 
           0            0            0            0            0            0            0            1 


Evaluation matrix; 0 for index match, 1 for mismatch
0 0 0 0 0 0 0 0 
0 0 0 0 0 0 0 0 
0 0 0 0 0 0 0 0 
0 0 0 0 0 0 0 0 
0 0 0 0 0 0 0 0 
0 0 0 0 0 0 0 0 
0 0 0 0 0 0 0 0 
0 0 0 0 0 0 0 0 
>> 64 match(es) found
>> 0 mismatch(es) found

TEST PASSES

i+j results: 
>> 8 data matrice result
>> 8 hls matrice result

i-j results: 
>> -8 data matrice result
>> -8 hls matrice result

Test 7, max values:
::::::::::::::::::::::::::::::
Test for Matrix Multiplication
with both matrices transposed
::::::::::::::::::::::::::::::
=============================
Test starting: ..............
=============================
Matrix 1:

        7688         7688         7688         7688         7688         7688         7688         7688 
        7688         7688         7688         7688         7688         7688         7688         7688 
        7688         7688         7688         7688         7688         7688         7688         7688 
        7688         7688         7688         7688         7688         7688         7688         7688 
        7688         7688         7688         7688         7688         7688         7688         7688 
        7688         7688         7688         7688         7688         7688         7688         7688 
        7688         7688         7688         7688         7688         7688         7688         7688 
        7688         7688         7688         7688         7688         7688         7688         7688 


Matrix 2:

        7688         7688         7688         7688         7688         7688         7688         7688 
        7688         7688         7688         7688         7688         7688         7688         7688 
        7688         7688         7688         7688         7688         7688         7688         7688 
        7688         7688         7688         7688         7688         7688         7688         7688 
        7688         7688         7688         7688         7688         7688         7688         7688 
        7688         7688         7688         7688         7688         7688         7688         7688 
        7688         7688         7688         7688         7688         7688         7688         7688 
        7688         7688         7688         7688         7688         7688         7688         7688 


Evaluation matrix; 0 for index match, 1 for mismatch
0 0 0 0 0 0 0 0 
0 0 0 0 0 0 0 0 
0 0 0 0 0 0 0 0 
0 0 0 0 0 0 0 0 
0 0 0 0 0 0 0 0 
0 0 0 0 0 0 0 0 
0 0 0 0 0 0 0 0 
0 0 0 0 0 0 0 0 
>> 64 match(es) found
>> 0 mismatch(es) found

TEST PASSES

i+j results: 
>> 492032 data matrice result
>> 492032 hls matrice result

i-j results: 
>> -492032 data matrice result
>> -492032 hls matrice result

Test 8, min values, transpose=3:
::::::::::::::::::::::::::::::
Test for Matrix Multiplication
with both matrices transposed
::::::::::::::::::::::::::::::
=============================
Test starting: ..............
=============================
Matrix 1:

        8192         8192         8192         8192         8192         8192         8192         8192 
        8192         8192         8192         8192         8192         8192         8192         8192 
        8192         8192         8192         8192         8192         8192         8192         8192 
        8192         8192         8192         8192         8192         8192         8192         8192 
        8192         8192         8192         8192         8192         8192         8192         8192 
        8192         8192         8192         8192         8192         8192         8192         8192 
        8192         8192         8192         8192         8192         8192         8192         8192 
        8192         8192         8192         8192         8192         8192         8192         8192 


Matrix 2:

        8192         8192         8192         8192         8192         8192         8192         8192 
        8192         8192         8192         8192         8192         8192         8192         8192 
        8192         8192         8192         8192         8192         8192         8192         8192 
        8192         8192         8192         8192         8192         8192         8192         8192 
        8192         8192         8192         8192         8192         8192         8192         8192 
        8192         8192         8192         8192         8192         8192         8192         8192 
        8192         8192         8192         8192         8192         8192         8192         8192 
        8192         8192         8192         8192         8192         8192         8192         8192 


Evaluation matrix; 0 for index match, 1 for mismatch
0 0 0 0 0 0 0 0 
0 0 0 0 0 0 0 0 
0 0 0 0 0 0 0 0 
0 0 0 0 0 0 0 0 
0 0 0 0 0 0 0 0 
0 0 0 0 0 0 0 0 
0 0 0 0 0 0 0 0 
0 0 0 0 0 0 0 0 
>> 64 match(es) found
>> 0 mismatch(es) found

TEST PASSES

i+j results: 
>> 524288 data matrice result
>> 524288 hls matrice result

i-j results: 
>> -524288 data matrice result
>> -524288 hls matrice result

Test 9, plus values, transpose=3:
::::::::::::::::::::::::::::::
Test for Matrix Multiplication
with both matrices transposed
::::::::::::::::::::::::::::::
=============================
Test starting: ..............
=============================
Matrix 1:

         140          168          196          224          252          280          308          336 
         168          204          240          276          312          348          384          420 
         196          240          284          328          372          416          460          504 
         224          276          328          380          432          484          536          588 
         252          312          372          432          492          552          612          672 
         280          348          416          484          552          620          688          756 
         308          384          460          536          612          688          764          840 
         336          420          504          588          672          756          840          924 


Matrix 2:

         140          168          196          224          252          280          308          336 
         168          204          240          276          312          348          384          420 
         196          240          284          328          372          416          460          504 
         224          276          328          380          432          484          536          588 
         252          312          372          432          492          552          612          672 
         280          348          416          484          552          620          688          756 
         308          384          460          536          612          688          764          840 
         336          420          504          588          672          756          840          924 


Evaluation matrix; 0 for index match, 1 for mismatch
0 0 0 0 0 0 0 0 
0 0 0 0 0 0 0 0 
0 0 0 0 0 0 0 0 
0 0 0 0 0 0 0 0 
0 0 0 0 0 0 0 0 
0 0 0 0 0 0 0 0 
0 0 0 0 0 0 0 0 
0 0 0 0 0 0 0 0 
>> 64 match(es) found
>> 0 mismatch(es) found

TEST PASSES

i+j results: 
>> 27776 data matrice result
>> 27776 hls matrice result

i-j results: 
>> -27776 data matrice result
>> -27776 hls matrice result

Test 10, plus values, transpose=2:
::::::::::::::::::::::::::::::
Test for Matrix Multiplication
with both matrices transposed
::::::::::::::::::::::::::::::
=============================
Test starting: ..............
=============================
Matrix 1:

         140          112           84           56           28            0          -28          -56 
         112           92           72           52           32           12           -8          -28 
          84           72           60           48           36           24           12            0 
          56           52           48           44           40           36           32           28 
          28           32           36           40           44           48           52           56 
           0           12           24           36           48           60           72           84 
         -28           -8           12           32           52           72           92          112 
         -56          -28            0           28           56           84          112          140 


Matrix 2:

         140          112           84           56           28            0          -28          -56 
         112           92           72           52           32           12           -8          -28 
          84           72           60           48           36           24           12            0 
          56           52           48           44           40           36           32           28 
          28           32           36           40           44           48           52           56 
           0           12           24           36           48           60           72           84 
         -28           -8           12           32           52           72           92          112 
         -56          -28            0           28           56           84          112          140 


Evaluation matrix; 0 for index match, 1 for mismatch
0 0 0 0 0 0 0 0 
0 0 0 0 0 0 0 0 
0 0 0 0 0 0 0 0 
0 0 0 0 0 0 0 0 
0 0 0 0 0 0 0 0 
0 0 0 0 0 0 0 0 
0 0 0 0 0 0 0 0 
0 0 0 0 0 0 0 0 
>> 64 match(es) found
>> 0 mismatch(es) found

TEST PASSES

i+j results: 
>> 2688 data matrice result
>> 2688 hls matrice result

i-j results: 
>> -2688 data matrice result
>> -2688 hls matrice result

All the tests are PASSING
return value (ret) is: 0

Width is: 6
Result width is: 15
Transpose width is: 2

